100
2 3 2
1 1 1
2 1 2
3 2 3
43 5 43
9 10 9
70 9 70
95 9 95
61 9 61
1 17 1
50 10 50
6 3 6
6 1 6
6 23 6
26 12 26
80 8 80
11 5 11
95 3 95
35 10 35
1 77 1
51 2 51
1 87 1
2 59 2
68 4 68
10 5 10
4 4 4
9 1 9
8 5 8
35 5 35
100 1 100
1 34 1
18 8 18
1 23 1
1 2 1
1 100 1
54 10 54
3 34 3
39 7 39
4 3 4
2 2 2
5 4 5
39 4 39
1 18 1
68 2 68
26 10 26
100 9 100
25 12 25
100 4 100
2 21 2
1 4 1
43 3 43
79 3 79
4 1 4
69 2 69
25 10 25
66 1 66
71 1 71
65 2 65
81 7 81
3 1 3
3 4 3
14 7 14
4 29 4
100 2 100
74 8 74
28 2 28
1 55 1
3 6 3
59 5 59
87 1 87
7 13 7
48 2 48
80 2 80
3 17 3
71 9 71
3 3 3
11 11 11
55 5 55
3 37 3
3 7 3
58 3 58
10 18 10
98 3 98
4 2 4
2 12 2
100 3 100
43 6 43
6 7 6
27 10 27
28 1 28
29 9 29
4 22 4
2 4 2
78 5 78
42 3 42
31 12 31
1 3 1
19 4 19
35 8 35
29 8 29
